
/	CG-5 SOFTWARE VER.:  4.2
/	CG-5 SURVEY
/	Survey name:   	cage25
/	Instrument S/N:	41050
/	Client:        	cage
/	Operator:      	ll
/	Date:          	2025/ 9/30
/	Time:          	22:19:15
/	LONG:        	116.2000000 E
/	LAT:         	31.5000000 S
/	ZONE:        	50      
/	GMT DIFF.:   	-8.0

/	CG-5 OPTIONS
/	Tide Correction:    YES
/	Cont. Tilt:          NO
/	Auto Rejection:     YES
/	Terrain Corr.:       NO
/	Seismic Filter:     YES
/	Raw Data:           YES
/------LINE-----STATION-----ALT.------GRAV.---SD.--TILTX--TILTY-TEMP---TIDE---DUR-REJ-----TIME----DEC.TIME+DATE--TERRAIN---DATE
 0.0000000  100.0000000    0.0000   3468.484 0.035    7.1   -4.6 -3.70 -0.017  60   0 09:55:26     45900.41283    0.0000  2025/10/01
 0.0000000  100.0000000    0.0000   3468.486 0.038    7.6   -3.2 -3.72 -0.017  60   6 09:56:31     45900.41358    0.0000  2025/10/01
 0.0000000  100.0000000    0.0000   3468.487 0.041    9.3   -6.2 -3.74 -0.017  60   3 09:57:36     45900.41434    0.0000  2025/10/01
200.0000000  22.0000000    0.0000   3468.806 0.038   -2.5    1.6 -3.83 -0.018  60   1 10:21:53     45900.43117    0.0000  2025/10/01
200.0000000  22.0000000    0.0000   3468.809 0.027   -0.5    1.0 -3.83 -0.018  60   0 10:23:01     45900.43196    0.0000  2025/10/01
200.0000000  20.0000000    0.0000   3468.701 0.038   -8.9    7.2 -3.82 -0.018  60  14 10:29:40     45900.43657    0.0000  2025/10/01
200.0000000  20.0000000    0.0000   3468.705 0.044   -8.2    6.7 -3.83 -0.018  60  10 10:30:48     45900.43735    0.0000  2025/10/01
200.0000000  18.0000000    0.0000   3469.175 0.052  -15.4   -6.0 -3.84 -0.018  60   1 10:41:35     45900.44483    0.0000  2025/10/01
200.0000000  18.0000000    0.0000   3469.174 0.049  -22.3   -7.2 -3.83 -0.018  60   2 10:42:43     45900.44562    0.0000  2025/10/01
200.0000000  16.0000000    0.0000   3469.208 0.055   -4.6  -12.8 -3.82 -0.018  60   0 10:49:35     45900.45038    0.0000  2025/10/01
200.0000000  16.0000000    0.0000   3469.203 0.098   -9.3  -14.3 -3.83 -0.018  60   9 10:50:43     45900.45116    0.0000  2025/10/01
200.0000000  14.0000000    0.0000   3468.440 0.039   -5.5    8.4 -3.83 -0.019  30   0 10:58:14     45900.45638    0.0000  2025/10/01
200.0000000  14.0000000    0.0000   3468.437 0.081   -7.1   11.4 -3.82 -0.019  30   2 10:58:51     45900.45680    0.0000  2025/10/01
200.0000000  14.0000000    0.0000   3468.432 0.130   -6.3   11.4 -3.82 -0.019   9   0 10:59:26     45900.45721    0.0000  2025/10/01
200.0000000  12.0000000    0.0000   3467.745 0.028   -2.3    6.2 -3.82 -0.019  30   0 11:03:28     45900.46000    0.0000  2025/10/01
200.0000000  12.0000000    0.0000   3467.749 0.033   -3.2    6.5 -3.80 -0.019  30   0 11:04:05     45900.46043    0.0000  2025/10/01
200.0000000  10.0000000    0.0000   3467.880 0.029  -10.3   -3.4 -3.81 -0.019  30   8 11:09:39     45900.46429    0.0000  2025/10/01
200.0000000  10.0000000    0.0000   3467.884 0.021   -8.2   -2.3 -3.80 -0.019  30   0 11:10:16     45900.46472    0.0000  2025/10/01
200.0000000  10.0000000    0.0000   3467.886 0.034   -5.5   -5.0 -3.80 -0.019  30   2 11:10:50     45900.46511    0.0000  2025/10/01
200.0000000   8.0000000    0.0000   3467.759 0.042   -4.4   -0.7 -3.80 -0.019  30   3 11:17:06     45900.46946    0.0000  2025/10/01
200.0000000   8.0000000    0.0000   3467.760 0.027   -5.0   -0.6 -3.79 -0.019  30   0 11:17:43     45900.46988    0.0000  2025/10/01
200.0000000   8.0000000    0.0000   3467.758 0.053   -4.7   -0.4 -3.79 -0.019  30   4 11:18:17     45900.47028    0.0000  2025/10/01
200.0000000   6.0000000    0.0000   3467.980 0.046  -11.3    2.8 -3.74 -0.020  30   0 11:29:45     45900.47823    0.0000  2025/10/01
200.0000000   6.0000000    0.0000   3467.978 0.032  -12.2    3.7 -3.73 -0.020  30   0 11:30:22     45900.47865    0.0000  2025/10/01
200.0000000   6.0000000    0.0000   3467.977 0.025  -13.5    4.7 -3.72 -0.020  30   1 11:30:56     45900.47905    0.0000  2025/10/01
200.0000000   4.0000000    0.0000   3468.715 0.084   -5.2    0.7 -3.75 -0.020  30   4 11:43:24     45900.48769    0.0000  2025/10/01
200.0000000   4.0000000    0.0000   3468.716 0.053   -3.7   -0.5 -3.75 -0.020  30   1 11:43:58     45900.48808    0.0000  2025/10/01
200.0000000   2.0000000    0.0000   3469.980 0.035   -1.9   -0.4 -3.77 -0.020  30   1 11:56:27     45900.49674    0.0000  2025/10/01
200.0000000   2.0000000    0.0000   3469.979 0.027   -0.3   -1.3 -3.77 -0.020  30   0 11:57:04     45900.49717    0.0000  2025/10/01
200.0000000   2.0000000    0.0000   3469.979 0.024    1.1   -1.1 -3.77 -0.020  30   0 11:57:38     45900.49756    0.0000  2025/10/01
300.0000000   2.0000000    0.0000   3470.034 0.039   -8.8   -9.1 -3.74 -0.020  30   3 12:05:45     45900.50319    0.0000  2025/10/01
300.0000000   2.0000000    0.0000   3470.030 0.030   -8.7  -10.0 -3.74 -0.020  30   0 12:06:22     45900.50361    0.0000  2025/10/01
300.0000000   4.0000000    0.0000   3469.611 0.035   -5.1    1.0 -3.77 -0.020  30   6 12:17:40     45900.51145    0.0000  2025/10/01
300.0000000   4.0000000    0.0000   3469.611 0.041   -5.5    2.6 -3.77 -0.020  30   4 12:18:17     45900.51188    0.0000  2025/10/01
300.0000000   6.0000000    0.0000   3468.808 0.045   -7.5   -2.8 -3.78 -0.020  30   1 12:25:56     45900.51718    0.0000  2025/10/01
300.0000000   6.0000000    0.0000   3468.807 0.040   -8.1   -1.8 -3.78 -0.020  30   0 12:26:33     45900.51761    0.0000  2025/10/01
200.0000000  24.0000000    0.0000   3469.128 0.052    1.1    0.2 -3.70 0.006  30   0 15:15:33     45900.63478    0.0000  2025/10/01
200.0000000  24.0000000    0.0000   3469.128 0.060    1.6    0.1 -3.70 0.006  30   0 15:16:10     45900.63521    0.0000  2025/10/01
200.0000000  24.0000000    0.0000   3469.125 0.031    1.8    1.2 -3.70 0.007  30   3 15:16:44     45900.63560    0.0000  2025/10/01
200.0000000  26.0000000    0.0000   3468.526 0.034   -4.7   -2.4 -3.69 0.011  30   0 15:28:33     45900.64379    0.0000  2025/10/01
200.0000000  26.0000000    0.0000   3468.528 0.039   -3.7   -2.8 -3.68 0.011  30   0 15:29:10     45900.64422    0.0000  2025/10/01
200.0000000  26.0000000    0.0000   3468.529 0.072   -2.3   -5.2 -3.68 0.011  30   0 15:29:44     45900.64462    0.0000  2025/10/01
200.0000000  28.0000000    0.0000   3468.077 0.060   -0.7   -3.6 -3.71 0.014  30   0 15:38:06     45900.65042    0.0000  2025/10/01
200.0000000  28.0000000    0.0000   3468.073 0.031    1.9   -2.8 -3.71 0.014  30   0 15:38:43     45900.65084    0.0000  2025/10/01
200.0000000  28.0000000    0.0000   3468.074 0.028    3.6   -3.4 -3.71 0.015  30   2 15:39:17     45900.65124    0.0000  2025/10/01
200.0000000  28.0000000    0.0000   3468.076 0.028    5.1   -3.5 -3.71 0.015  30   0 15:39:51     45900.65163    0.0000  2025/10/01
300.0000000  28.0000000    0.0000   3467.520 0.042   -7.7    0.1 -3.73 0.017  30   0 15:46:07     45900.65597    0.0000  2025/10/01
300.0000000  28.0000000    0.0000   3467.522 0.031   -7.3   -0.6 -3.74 0.018  30   0 15:46:44     45900.65640    0.0000  2025/10/01
300.0000000  28.0000000    0.0000   3467.522 0.045   -6.8   -0.6 -3.74 0.018  30   0 15:47:18     45900.65679    0.0000  2025/10/01
300.0000000  28.0000000    0.0000   3467.557 0.000   -6.8   -0.6 -3.74 0.018   0   0 15:47:53     45900.65720    0.0000  2025/10/01
300.0000000  26.0000000    0.0000   3468.137 0.033   -5.2   -3.6 -3.76 0.020  30   8 15:53:29     45900.66108    0.0000  2025/10/01
300.0000000  26.0000000    0.0000   3468.139 0.031   -7.8   -4.3 -3.76 0.020  30   3 15:54:06     45900.66151    0.0000  2025/10/01
300.0000000  26.0000000    0.0000   3468.142 0.031   -9.1   -4.1 -3.76 0.020  30   0 15:54:40     45900.66190    0.0000  2025/10/01
300.0000000  26.0000000    0.0000   3468.133 0.044  -10.3   -5.1 -3.76 0.021  30   5 15:55:14     45900.66230    0.0000  2025/10/01
300.0000000  26.0000000    0.0000   3468.143 0.034  -10.1   -3.9 -3.76 0.021  30   2 15:55:48     45900.66269    0.0000  2025/10/01
300.0000000  26.0000000    0.0000   3468.146 0.030   -9.5   -4.1 -3.76 0.021  30   0 15:56:22     45900.66308    0.0000  2025/10/01
300.0000000  24.0000000    0.0000   3468.859 0.028   -7.0   -4.8 -3.76 0.024  30   3 16:03:09     45900.66778    0.0000  2025/10/01
300.0000000  24.0000000    0.0000   3468.862 0.029   -6.2   -5.8 -3.76 0.024  30   0 16:03:46     45900.66821    0.0000  2025/10/01
300.0000000  24.0000000    0.0000   3468.862 0.059   -4.8   -4.8 -3.76 0.024  30   2 16:04:20     45900.66860    0.0000  2025/10/01
300.0000000  22.0000000    0.0000   3468.912 0.046   -3.3    3.3 -3.60 0.032  30   0 16:22:22     45900.68111    0.0000  2025/10/01
300.0000000  22.0000000    0.0000   3468.911 0.046   -3.4    3.5 -3.59 0.032  30   2 16:22:59     45900.68154    0.0000  2025/10/01
300.0000000  20.0000000    0.0000   3468.492 0.033  -16.4    0.7 -3.65 0.036  30   2 16:32:39     45900.68824    0.0000  2025/10/01
300.0000000  20.0000000    0.0000   3468.493 0.027  -19.0   -1.0 -3.66 0.036  30   0 16:33:16     45900.68866    0.0000  2025/10/01
300.0000000  20.0000000    0.0000   3468.497 0.037  -22.2   -2.8 -3.66 0.037  30   0 16:33:50     45900.68906    0.0000  2025/10/01
 0.0000000  100.0000000    0.0000   3468.483 0.021   -5.9   -2.6 -3.69 0.040  30   0 16:41:08     45900.69412    0.0000  2025/10/01
 0.0000000  100.0000000    0.0000   3468.483 0.033   -5.0   -1.8 -3.69 0.040  30   0 16:41:45     45900.69455    0.0000  2025/10/01
 0.0000000  100.0000000    0.0000   3468.484 0.032   -4.5   -2.2 -3.69 0.040  30   5 16:42:19     45900.69494    0.0000  2025/10/01
 0.0000000  100.0000000    0.0000   3468.498 0.075  -12.1    1.0 -3.72 -0.005  30   0 08:24:46     45901.34997    0.0000  2025/10/02
 0.0000000  100.0000000    0.0000   3468.498 0.041    1.5    1.1 -3.78 -0.004  30   0 08:28:58     45901.35288    0.0000  2025/10/02
 0.0000000  100.0000000    0.0000   3468.497 0.040    0.7    1.1 -3.78 -0.004  30   1 08:29:35     45901.35331    0.0000  2025/10/02
300.0000000  18.0000000    0.0000   3468.821 0.061   -8.6    3.4 -3.87 -0.002  30   0 08:41:26     45901.36153    0.0000  2025/10/02
300.0000000  18.0000000    0.0000   3468.820 0.044  -11.9    5.4 -3.86 -0.002  30   0 08:42:03     45901.36195    0.0000  2025/10/02
300.0000000  16.0000000    0.0000   3469.145 0.054   -0.8    2.4 -3.81 -0.001  30   0 08:48:44     45901.36659    0.0000  2025/10/02
300.0000000  16.0000000    0.0000   3469.147 0.068   -0.4    2.8 -3.81 -0.001  30   0 08:49:21     45901.36702    0.0000  2025/10/02
300.0000000  14.0000000    0.0000   3468.825 0.038    3.0   -6.3 -3.82 0.000  30   1 08:58:58     45901.37368    0.0000  2025/10/02
300.0000000  14.0000000    0.0000   3468.825 0.037    2.5   -6.3 -3.82 0.000  30   0 08:59:35     45901.37411    0.0000  2025/10/02
300.0000000  12.0000000    0.0000   3469.077 0.039   -4.0   -2.7 -3.83 0.000  30   3 09:05:25     45901.37816    0.0000  2025/10/02
300.0000000  12.0000000    0.0000   3469.078 0.055   -3.1   -2.4 -3.83 0.000  30   0 09:06:02     45901.37858    0.0000  2025/10/02
300.0000000  10.0000000    0.0000   3468.815 0.040   -1.7    5.1 -3.80 0.001  30   0 09:14:45     45901.38463    0.0000  2025/10/02
300.0000000  10.0000000    0.0000   3468.818 0.029    1.3    5.3 -3.79 0.001  30   0 09:15:22     45901.38505    0.0000  2025/10/02
300.0000000   8.0000000    0.0000   3468.801 0.075   -3.7    5.6 -3.77 0.002  30   0 09:22:32     45901.39002    0.0000  2025/10/02
300.0000000   8.0000000    0.0000   3468.791 0.048   -1.9    8.9 -3.76 0.002  30   0 09:23:09     45901.39045    0.0000  2025/10/02
300.0000000   8.0000000    0.0000   3468.780 0.070   -9.4    1.0 -3.75 0.002  30   0 09:25:07     45901.39181    0.0000  2025/10/02
300.0000000   8.0000000    0.0000   3468.780 0.051  -11.5    3.7 -3.75 0.002  30   0 09:25:44     45901.39224    0.0000  2025/10/02
400.0000000  10.0000000    0.0000   3469.432 0.056    3.7  -11.5 -3.76 0.002  30   2 09:34:10     45901.39809    0.0000  2025/10/02
400.0000000  10.0000000    0.0000   3469.431 0.051    6.5  -13.9 -3.76 0.002  30   0 09:34:47     45901.39852    0.0000  2025/10/02
400.0000000  12.0000000    0.0000   3469.440 0.057   -4.5    3.2 -3.77 0.002  30   1 09:40:22     45901.40239    0.0000  2025/10/02
400.0000000  12.0000000    0.0000   3469.442 0.028   -3.9    4.5 -3.77 0.002  30   0 09:40:59     45901.40282    0.0000  2025/10/02
400.0000000  12.0000000    0.0000   3469.441 0.051   -0.7    6.0 -3.77 0.002  30   0 09:41:33     45901.40321    0.0000  2025/10/02
400.0000000  12.0000000    0.0000   3469.441 0.052    3.6    7.4 -3.77 0.002  30   0 09:42:07     45901.40360    0.0000  2025/10/02
400.0000000  14.0000000    0.0000   3468.592 0.059   -1.5   -3.8 -3.80 0.002  30   1 09:47:09     45901.40709    0.0000  2025/10/02
400.0000000  14.0000000    0.0000   3468.590 0.055   -2.2   -3.3 -3.79 0.002  30   2 09:47:46     45901.40752    0.0000  2025/10/02
400.0000000  16.0000000    0.0000   3468.732 0.082   -0.5   -6.2 -3.77 0.002  30   1 09:53:52     45901.41175    0.0000  2025/10/02
400.0000000  16.0000000    0.0000   3468.734 0.055   -1.3   -9.4 -3.77 0.002  30   0 09:54:29     45901.41218    0.0000  2025/10/02
400.0000000  18.0000000    0.0000   3468.477 0.067    0.9   -0.8 -3.77 0.002  30   2 10:06:57     45901.42082    0.0000  2025/10/02
400.0000000  18.0000000    0.0000   3468.477 0.045    2.6   -3.7 -3.77 0.002  30   0 10:07:34     45901.42125    0.0000  2025/10/02
400.0000000  20.0000000    0.0000   3468.466 0.064    4.9    1.9 -3.80 0.001  30   0 10:12:53     45901.42493    0.0000  2025/10/02
400.0000000  20.0000000    0.0000   3468.469 0.048    9.8    1.7 -3.78 0.001  30   1 10:13:30     45901.42536    0.0000  2025/10/02
400.0000000  22.0000000    0.0000   3468.699 0.077   -0.7   -2.8 -3.77 0.000  30   5 10:31:09     45901.43760    0.0000  2025/10/02
400.0000000  22.0000000    0.0000   3468.667 0.064    1.1   -5.9 -3.77 0.000  30   1 10:32:27     45901.43850    0.0000  2025/10/02
400.0000000  22.0000000    0.0000   3468.664 0.062    2.1   -7.0 -3.77 0.000  30   0 10:33:04     45901.43893    0.0000  2025/10/02
400.0000000  24.0000000    0.0000   3467.989 0.046    6.9   -4.4 -3.79 -0.001  30   0 10:45:37     45901.44763    0.0000  2025/10/02
400.0000000  24.0000000    0.0000   3467.992 0.027    8.3   -4.3 -3.78 -0.001  30   0 10:46:14     45901.44806    0.0000  2025/10/02
400.0000000  26.0000000    0.0000   3467.261 0.074   -9.8    3.2 -3.74 -0.002  30   7 10:54:13     45901.45359    0.0000  2025/10/02
400.0000000  26.0000000    0.0000   3467.262 0.056  -10.0    1.8 -3.73 -0.002  30   1 10:54:50     45901.45402    0.0000  2025/10/02
500.0000000  26.0000000    0.0000   3465.989 0.064  -11.5    3.7 -3.72 -0.003  30   0 11:03:28     45901.46000    0.0000  2025/10/02
500.0000000  26.0000000    0.0000   3465.991 0.058  -10.9    5.3 -3.72 -0.003  30   0 11:04:05     45901.46043    0.0000  2025/10/02
500.0000000  24.0000000    0.0000   3466.631 0.040   -7.1    3.6 -3.70 -0.066  30   0 11:11:22     45901.46548    0.0000  2025/10/02
500.0000000  24.0000000    0.0000   3466.631 0.049   -8.3    6.3 -3.69 -0.067  30   0 11:11:59     45901.46591    0.0000  2025/10/02
500.0000000  22.0000000    0.0000   3467.523 0.059   -3.7    1.2 -3.70 -0.068  30   0 11:17:15     45901.46956    0.0000  2025/10/02
500.0000000  22.0000000    0.0000   3467.529 0.043   -2.4    0.2 -3.70 -0.068  30   0 11:17:52     45901.46999    0.0000  2025/10/02
500.0000000  22.0000000    0.0000   3467.532 0.060   -2.0   -1.1 -3.70 -0.068  30   2 11:18:26     45901.47038    0.0000  2025/10/02
500.0000000  20.0000000    0.0000   3467.846 0.083   -1.3   -7.2 -3.71 -0.070  30   0 11:23:35     45901.47395    0.0000  2025/10/02
500.0000000  20.0000000    0.0000   3467.849 0.055   -1.5   -8.3 -3.71 -0.070  30   0 11:24:12     45901.47438    0.0000  2025/10/02
500.0000000  18.0000000    0.0000   3468.070 0.074   -8.7    0.2 -3.73 -0.071  30   0 11:29:52     45901.47831    0.0000  2025/10/02
500.0000000  18.0000000    0.0000   3468.074 0.066   -9.6    0.7 -3.72 -0.071  30   0 11:30:29     45901.47874    0.0000  2025/10/02
500.0000000  18.0000000    0.0000   3468.068 0.076   -6.9    1.9 -3.72 -0.071  30  10 11:31:03     45901.47913    0.0000  2025/10/02
500.0000000  16.0000000    0.0000   3468.003 0.044   -5.4   -3.4 -3.74 -0.072  30   0 11:35:17     45901.48206    0.0000  2025/10/02
500.0000000  16.0000000    0.0000   3468.006 0.051   -4.7   -2.4 -3.73 -0.072  30   0 11:35:54     45901.48249    0.0000  2025/10/02
500.0000000  14.0000000    0.0000   3467.451 0.072    6.8   -9.0 -3.73 -0.073  30   3 11:40:54     45901.48596    0.0000  2025/10/02
500.0000000  14.0000000    0.0000   3467.459 0.046   10.9  -11.0 -3.73 -0.073  30   0 11:41:31     45901.48638    0.0000  2025/10/02
500.0000000  12.0000000    0.0000   3468.012 0.080   -5.0   -0.6 -3.71 -0.075  30   4 11:53:37     45901.49477    0.0000  2025/10/02
500.0000000  12.0000000    0.0000   3468.005 0.045   -5.5   -1.3 -3.71 -0.075  30   0 11:54:14     45901.49520    0.0000  2025/10/02
500.0000000  10.0000000    0.0000   3468.943 0.064  -14.3   24.6 -3.73 -0.075  30   2 11:58:05     45901.49787    0.0000  2025/10/02
500.0000000  10.0000000    0.0000   3468.943 0.051  -14.3   25.3 -3.71 -0.075  30   0 11:58:42     45901.49830    0.0000  2025/10/02
 0.0000000  100.0000000    0.0000   3468.427 0.046    3.5   -1.0 -3.67 -0.076  30   0 12:10:40     45901.50660    0.0000  2025/10/02
 0.0000000  100.0000000    0.0000   3468.430 0.033    4.6   -0.3 -3.65 -0.076  30   0 12:11:17     45901.50702    0.0000  2025/10/02
 0.0000000  100.0000000    0.0000   3468.433 0.066    4.2   -0.8 -3.64 -0.076  30   0 12:11:51     45901.50742    0.0000  2025/10/02